5601363014748
5601493521635
5000116126927
8713800139307
8437022100371
5601312046967
5038862435864
5449000225757
5601312100195
5601063060083
3023290053508
5605466915322
5601517380040
5601008201106
5600449802606
3179142058914
8435578500065
5601493726900
5000159484695
5600341931312
2100128359535
5601493606554
8001480020757
5601363001847
3031446621099
8410436366137
5607951420229
3168430348097
5601028006224
8412540009207
5900951141638
8437008383910
5601194708182
5601493507028
7638900438192
4008239216410
3073780864107
5601312122180
8410199021496
8710522947876
5601008418405
0727015205137
5600965800629
5601493603409
5601151976753
5604377297572
5601493429504
8712561587808
5602079055209
5601244700005
5601312094005
8411922451283
5601063060816
5601312107804
8410104016821
5601493633956
7613036514576
5601493673785
8410320382779
7613287218704
5609060338907
5601312514152
5601493680868
5600279142118
5607233620606
5608705010765
5600378370498
5020144846710
5601493705790
6064000002000
5000204075144
5601271091909
5603977005730
5604640002100
5601312064213
5601493642385
5903211196225
5601493656184
5601151974124
5601312104391
5601493738781
5601312307822
5601493626750
5601312079439
3228023910039
8410104913380
4009175963956
5600650947226
5602002100112
5601064003355
5601312218142
8410783339365
7622210405302
5601312108177
5600866710850
5601493740715
5603533100053
8410376037784
5601493474559
5604450260080
5601493747752
8710522322130
5601217139016
5601063060151
5601262000095
5600295750489
7613037561197
5601493578271
5601721019651
3523230038287
5600390418420
5601493633970
5601493740708
5601194707277
8436585061167
8008696032161
